0 2021 1 0
1 2021 1 33
2 2021 1 11
3 2021 1 48
4 2021 1 35
5 2021 1 28
6 2021 1 21
0 2021 2 53
1 2021 2 49
2 2021 2 44
3 2021 2 10
4 2021 2 51
5 2021 2 42
6 2021 2 30
0 2021 3 18
1 2021 3 0
2 2021 3 5
3 2021 3 21
4 2021 3 8
5 2021 3 9
6 2021 3 59
0 2021 4 26
1 2021 4 7
2 2021 4 0
3 2021 4 0
4 2021 4 22
5 2021 4 31
6 2021 4 34
0 2021 5 36
1 2021 5 36
2 2021 5 9
3 2021 5 39
4 2021 5 27
5 2021 5 21
6 2021 5 3
0 2021 6 36
1 2021 6 46
2 2021 6 48
3 2021 6 31
4 2021 6 18
5 2021 6 52
6 2021 6 43
0 2021 7 57
1 2021 7 55
2 2021 7 32
3 2021 7 8
4 2021 7 27
5 2021 7 14
6 2021 7 51
0 2021 8 12
1 2021 8 46
2 2021 8 50
3 2021 8 59
4 2021 8 59
5 2021 8 36
6 2021 8 23
0 2021 9 15
1 2021 9 17
2 2021 9 50
3 2021 9 1
4 2021 9 22
5 2021 9 5
6 2021 9 40
0 2021 10 3
1 2021 10 0
2 2021 10 55
3 2021 10 16
4 2021 10 16
5 2021 10 35
6 2021 10 41
0 2021 11 50
1 2021 11 43
2 2021 11 29
3 2021 11 12
4 2021 11 44
5 2021 11 28
6 2021 11 27
0 2021 12 56
1 2021 12 44
2 2021 12 6
3 2021 12 35
4 2021 12 23
5 2021 12 44
6 2021 12 36
0 2022 1 0
1 2022 1 33
2 2022 1 11
3 2022 1 48
4 2022 1 35
5 2022 1 28
6 2022 1 21
0 2022 2 53
1 2022 2 49
2 2022 2 44
3 2022 2 10
4 2022 2 51
5 2022 2 42
6 2022 2 30
0 2022 3 18
1 2022 3 0
2 2022 3 5
3 2022 3 21
4 2022 3 8
5 2022 3 9
6 2022 3 59
0 2022 4 26
1 2022 4 7
2 2022 4 0
3 2022 4 0
4 2022 4 22
5 2022 4 31
6 2022 4 34
0 2022 5 36
1 2022 5 36
2 2022 5 9
3 2022 5 39
4 2022 5 27
5 2022 5 21
6 2022 5 3
0 2022 6 36
1 2022 6 46
2 2022 6 48
3 2022 6 31
4 2022 6 18
5 2022 6 52
6 2022 6 43
0 2022 7 57
1 2022 7 55
2 2022 7 32
3 2022 7 8
4 2022 7 27
5 2022 7 14
6 2022 7 51
0 2022 8 12
1 2022 8 46
2 2022 8 50
3 2022 8 59
4 2022 8 59
5 2022 8 36
6 2022 8 23
0 2022 9 15
1 2022 9 17
2 2022 9 50
3 2022 9 1
4 2022 9 22
5 2022 9 5
6 2022 9 40
0 2022 10 3
1 2022 10 0
2 2022 10 55
3 2022 10 16
4 2022 10 16
5 2022 10 35
6 2022 10 41
0 2022 11 50
1 2022 11 43
2 2022 11 29
3 2022 11 12
4 2022 11 44
5 2022 11 28
6 2022 11 27
0 2022 12 56
1 2022 12 44
2 2022 12 6
3 2022 12 35
4 2022 12 23
5 2022 12 44
6 2022 12 36
0 2023 1 0
1 2023 1 33
2 2023 1 11
3 2023 1 48
4 2023 1 35
5 2023 1 28
6 2023 1 21
0 2023 2 53
1 2023 2 49
2 2023 2 44
3 2023 2 10
4 2023 2 51
5 2023 2 42
6 2023 2 30
0 2023 3 18
1 2023 3 0
2 2023 3 5
3 2023 3 21
4 2023 3 8
5 2023 3 9
6 2023 3 59
0 2023 4 26
1 2023 4 7
2 2023 4 0
3 2023 4 0
4 2023 4 22
5 2023 4 31
6 2023 4 34